Feature Weight Segment using Normalized (across all features per example) examples for ftr idx : 41 corresponding to JP :214
ftrVal,count,BMU Map Loc
0.9999762,1.0,(45|3)
0.9978698,1.0,(45|2)
0.9956644,1.0,(45|4)
0.9953147,1.0,(44|3)
0.9941695,1.0,(46|3)
0.9867466,1.0,(44|2)
0.9657174,1.0,(45|1)
0.9494443,1.0,(44|1)
0.9380910,1.0,(46|2)
0.8999058,1.0,(46|4)
0.8934358,1.0,(44|0)
0.8824449,1.0,(43|2)
0.8594314,1.0,(45|0)
0.8448838,1.0,(44|4)
0.8399866,1.0,(43|1)
0.8348622,1.0,(46|1)
0.8106846,1.0,(47|3)
0.7887934,1.0,(47|2)
0.7819310,1.0,(43|3)
0.7682148,1.0,(47|4)
0.7620232,1.0,(45|49)
0.7597246,1.0,(46|5)
0.7581771,1.0,(44|49)
0.7441326,1.0,(43|0)
0.7248595,1.0,(45|5)
0.7080374,1.0,(47|1)
0.6938899,1.0,(47|5)
0.6771454,1.0,(43|4)
0.6570707,1.0,(46|0)
0.6537377,1.0,(43|49)
0.6425537,1.0,(42|0)
0.6269102,1.0,(48|3)
0.6176143,1.0,(48|4)
0.6090865,1.0,(47|6)
0.6077524,1.0,(42|2)
0.5996326,1.0,(48|2)
0.5953221,1.0,(48|1)
0.5824060,1.0,(42|3)
0.5637714,1.0,(48|5)
0.5618016,1.0,(42|1)
0.5580929,1.0,(45|48)
0.5059584,1.0,(44|48)
0.4960321,1.0,(44|5)
0.4719845,1.0,(49|4)
0.4548105,1.0,(43|48)
0.4419938,1.0,(49|3)
0.4418953,1.0,(42|4)
0.4353944,1.0,(48|6)
0.4275850,1.0,(47|0)
0.4172083,1.0,(42|49)
0.4105882,1.0,(49|2)
0.3985915,1.0,(48|0)
0.3796612,1.0,(46|6)
0.3792106,1.0,(49|1)
0.3368557,1.0,(0|48)
0.3353921,1.0,(49|5)
0.3339012,1.0,(46|48)
0.2974157,1.0,(43|5)
0.2945603,1.0,(46|49)
0.2932583,1.0,(49|0)
0.2683516,1.0,(41|2)
0.2541378,1.0,(0|49)
0.2450387,1.0,(49|48)
0.2275043,1.0,(41|3)
0.2257625,1.0,(39|49)
0.2213502,1.0,(41|1)
0.2045035,1.0,(45|47)
0.1991995,1.0,(48|48)
0.1958036,1.0,(48|47)
0.1935460,1.0,(0|4)
0.1906575,1.0,(49|49)
0.1876953,1.0,(42|48)
0.1823130,1.0,(0|3)
0.1774365,1.0,(1|48)
0.1701973,1.0,(39|0)
0.1619485,1.0,(0|2)
0.1613909,1.0,(26|2)
0.1605881,1.0,(0|0)
0.1507707,1.0,(34|2)
0.1462177,1.0,(0|47)
0.1457658,1.0,(1|49)
0.1441784,1.0,(35|2)
0.1428662,1.0,(49|47)
0.1413175,1.0,(0|1)
0.1350494,1.0,(36|10)
0.1342528,1.0,(34|3)
0.1342500,1.0,(1|45)
0.1316587,1.0,(43|44)
0.1309869,1.0,(44|45)
0.1309736,1.0,(37|9)
0.1288464,1.0,(43|47)
0.1243211,1.0,(44|47)
0.1233222,1.0,(43|45)
0.1196880,1.0,(37|5)
0.1135027,1.0,(37|10)
0.1114835,1.0,(47|47)
0.1091735,1.0,(41|36)
0.1081669,1.0,(17|12)
0.1079557,1.0,(42|43)
0.1040593,1.0,(18|13)
0.1021565,1.0,(45|6)
0.1016915,1.0,(17|13)
0.1007611,1.0,(38|9)
0.1005378,1.0,(42|47)
0.09786143,1.0,(42|44)
0.09753529,1.0,(43|46)
0.09592025,1.0,(48|49)
0.09568911,1.0,(36|47)
0.09426462,1.0,(0|45)
0.09356656,1.0,(41|43)
0.08923838,1.0,(47|48)
0.08900713,1.0,(41|0)
0.08881875,1.0,(49|6)
0.08808557,1.0,(20|8)
0.08754106,1.0,(20|9)
0.08540601,1.0,(41|44)
0.08480757,1.0,(35|3)
0.08423195,1.0,(21|18)
0.08420824,1.0,(21|8)
0.08285546,1.0,(48|46)
0.08207388,1.0,(22|8)
0.08053496,1.0,(44|46)
0.08011382,1.0,(3|0)
0.07890351,1.0,(35|5)
0.07852568,1.0,(38|49)
0.07788717,1.0,(21|9)
0.07704773,1.0,(35|46)
0.07428586,1.0,(27|1)
0.07418188,1.0,(39|8)
0.07299005,1.0,(2|45)
0.07285524,1.0,(44|44)
0.07120135,1.0,(2|3)
0.07111446,1.0,(38|10)
0.07048559,1.0,(27|3)
0.07044166,1.0,(41|35)
0.07029010,1.0,(49|46)
0.06979018,1.0,(18|12)
0.06932195,1.0,(38|44)
0.06869908,1.0,(20|7)
0.06835787,1.0,(18|7)
0.06828810,1.0,(40|10)
0.06697790,1.0,(35|4)
0.06670155,1.0,(38|8)
0.06584301,1.0,(1|44)
0.06397209,1.0,(18|14)
0.06352822,1.0,(16|11)
0.06332976,1.0,(13|38)
0.06296294,1.0,(42|45)
0.06228768,1.0,(34|46)
0.06211453,1.0,(46|47)
0.06206449,1.0,(23|8)
0.06185369,1.0,(36|8)
0.06141922,1.0,(19|12)
0.06070520,1.0,(3|49)
0.06060359,1.0,(17|11)
0.05999631,1.0,(36|7)
0.05989223,1.0,(27|2)
0.05958878,1.0,(35|6)
0.05943478,1.0,(22|7)
0.05932407,1.0,(37|47)
0.05916778,1.0,(36|4)
0.05916690,1.0,(38|0)
0.05875866,1.0,(8|9)
0.05842449,1.0,(17|7)
0.05836540,1.0,(40|8)
0.05804820,1.0,(41|42)
0.05802568,1.0,(22|9)
0.05795944,1.0,(21|47)
0.05782019,1.0,(42|36)
0.05774613,1.0,(41|40)
0.05696572,1.0,(37|2)
0.05674781,1.0,(39|9)
0.05609504,1.0,(40|49)
0.05554537,1.0,(23|7)
0.05505853,1.0,(40|11)
0.05492484,1.0,(0|5)
0.05480103,1.0,(41|38)
0.05465473,1.0,(18|3)
0.05455565,1.0,(36|2)
0.05446922,1.0,(49|7)
0.05440471,1.0,(39|48)
0.05407116,1.0,(42|40)
0.05378490,1.0,(35|1)
0.05374712,1.0,(42|41)
0.05274925,1.0,(26|1)
0.05223730,1.0,(35|47)
0.05214579,1.0,(41|4)
0.05168444,1.0,(36|46)
0.05155946,1.0,(26|3)
0.05152326,1.0,(8|8)
0.05124516,1.0,(33|2)
0.05109141,1.0,(37|48)
0.05008083,1.0,(34|49)
0.04804039,1.0,(45|45)
0.04762908,1.0,(37|8)
0.04747778,1.0,(15|11)
0.04741207,1.0,(0|44)
0.04729609,1.0,(16|49)
0.04728673,1.0,(1|3)
0.04708359,1.0,(44|6)
0.04665168,1.0,(37|4)
0.04610984,1.0,(42|37)
0.04608088,1.0,(37|3)
0.04563813,1.0,(17|8)
0.04457912,1.0,(33|49)
0.04455195,1.0,(39|10)
0.04438883,1.0,(12|38)
0.04412087,1.0,(38|42)
0.04402520,1.0,(47|49)
0.04392397,1.0,(40|7)
0.04355837,1.0,(37|45)
0.04343662,1.0,(34|0)
0.04341658,1.0,(39|7)
0.04329633,1.0,(33|4)
0.04322928,1.0,(36|5)
0.04278437,1.0,(7|8)
0.04278191,1.0,(33|48)
0.04190733,1.0,(25|1)
0.04151528,1.0,(36|37)
0.04129566,1.0,(34|4)
0.04107973,1.0,(34|1)
0.04055366,1.0,(37|7)
0.04046799,1.0,(1|2)
0.04037337,1.0,(38|23)
0.04008888,1.0,(21|7)
0.03934616,1.0,(39|1)
0.03912764,1.0,(35|7)
0.03903591,1.0,(48|7)
0.03899985,1.0,(17|3)
0.03872848,1.0,(18|1)
0.03860231,1.0,(38|7)
0.03847700,1.0,(35|0)
0.03791243,1.0,(20|18)
0.03765999,1.0,(8|10)
0.03736617,1.0,(43|43)
0.03719158,1.0,(40|44)
0.03674451,1.0,(18|8)
0.03656985,1.0,(36|9)
0.03629496,1.0,(19|8)
0.03622201,1.0,(21|48)
0.03610370,1.0,(34|37)
0.03603297,1.0,(42|5)
0.03571780,1.0,(16|8)
0.03558255,1.0,(21|10)
0.03535550,1.0,(33|3)
0.03522645,1.0,(34|34)
0.03520946,1.0,(0|46)
0.03501860,1.0,(15|9)
0.03491475,1.0,(1|0)
0.03486022,1.0,(21|46)
0.03473586,1.0,(49|45)
0.03463465,1.0,(18|11)
0.03453852,1.0,(34|45)
0.03451249,1.0,(33|46)
0.03350706,1.0,(40|9)
0.03340055,1.0,(16|19)
0.03323552,1.0,(36|48)
0.03317599,1.0,(36|3)
0.03314999,1.0,(38|5)
0.03311951,1.0,(40|0)
0.03308898,1.0,(18|2)
0.03283711,1.0,(41|37)
0.03265244,1.0,(15|10)
0.03257173,1.0,(12|4)
0.03254789,1.0,(21|19)
0.03250077,1.0,(39|44)
0.03244043,1.0,(24|4)
0.03238696,1.0,(38|1)
0.03135944,1.0,(2|49)
0.03095682,1.0,(13|37)
0.03044643,1.0,(38|4)
0.03041397,1.0,(3|48)
0.03040347,1.0,(39|42)
0.03037301,1.0,(14|25)
0.03028362,1.0,(2|2)
0.03026357,1.0,(1|46)
0.03024055,1.0,(15|49)
0.03003974,1.0,(38|2)
0.03000839,1.0,(37|46)
0.02985208,1.0,(21|17)
0.02975218,1.0,(38|43)
0.02971175,1.0,(13|39)
0.02964473,1.0,(31|46)
0.02949372,1.0,(37|40)
0.02942800,1.0,(42|35)
0.02914702,1.0,(8|20)
0.02882045,1.0,(19|45)
0.02862946,1.0,(13|11)
0.02859492,1.0,(35|13)
0.02853977,1.0,(3|46)
0.02804561,1.0,(13|10)
0.02804120,1.0,(41|49)
0.02791714,1.0,(36|38)
0.02783853,1.0,(15|6)
0.02773234,1.0,(32|45)
0.02768748,1.0,(37|39)
0.02768560,1.0,(3|45)
0.02764099,1.0,(36|1)
0.02762902,1.0,(45|35)
0.02756608,1.0,(18|39)
0.02749163,1.0,(16|6)
0.02735792,1.0,(14|24)
0.02735283,1.0,(22|18)
0.02730801,1.0,(39|5)
0.02725612,1.0,(45|37)
0.02725086,1.0,(29|20)
0.02717746,1.0,(14|10)
0.02687800,1.0,(45|44)
0.02666550,1.0,(45|41)
0.02662285,1.0,(28|0)
0.02658423,1.0,(40|1)
0.02619317,1.0,(38|40)
0.02617507,1.0,(29|0)
0.02613369,1.0,(41|7)
0.02611281,1.0,(6|29)
0.02584803,1.0,(38|41)
0.02572933,1.0,(41|41)
0.02563218,1.0,(19|1)
0.02543026,1.0,(42|46)
0.02537088,1.0,(13|4)
0.02535703,1.0,(7|18)
0.02534674,1.0,(39|41)
0.02531619,1.0,(24|6)
0.02523230,1.0,(29|46)
0.02523051,1.0,(16|7)
0.02515707,1.0,(25|20)
0.02491636,1.0,(40|2)
0.02477107,1.0,(25|2)
0.02465804,1.0,(16|48)
0.02463407,1.0,(14|38)
0.02456393,1.0,(39|40)
0.02425392,1.0,(14|44)
0.02421696,1.0,(1|47)
0.02418148,1.0,(35|48)
0.02398453,1.0,(37|6)
0.02386991,1.0,(33|0)
0.02375673,1.0,(11|10)
0.02372893,1.0,(2|1)
0.02366641,1.0,(28|49)
0.02351678,1.0,(4|49)
0.02346534,1.0,(16|12)
0.02344122,1.0,(16|13)
0.02328039,1.0,(20|46)
0.02323345,1.0,(14|11)
0.02322002,1.0,(2|0)
0.02315221,1.0,(19|46)
0.02306908,1.0,(2|44)
0.02301359,1.0,(1|4)
0.02290225,1.0,(15|5)
0.02277304,1.0,(24|20)
0.02244644,1.0,(7|10)
0.02237522,1.0,(34|14)
0.02232054,1.0,(17|14)
0.02230123,1.0,(29|3)
0.02213750,1.0,(32|2)
0.02184586,1.0,(14|4)
0.02183715,1.0,(24|5)
0.02175757,1.0,(28|1)
0.02164395,1.0,(15|44)
0.02162301,1.0,(19|7)
0.02135701,1.0,(17|6)
0.02131078,1.0,(7|11)
0.02122445,1.0,(9|2)
0.02103796,1.0,(1|43)
0.02091590,1.0,(30|47)
0.02091240,1.0,(43|39)
0.02085016,1.0,(48|45)
0.02080936,1.0,(34|48)
0.02079641,1.0,(20|6)
0.02076879,1.0,(25|4)
0.02069319,1.0,(27|49)
0.02067275,1.0,(18|38)
0.02065673,1.0,(20|42)
0.02062979,1.0,(47|37)
0.02057683,1.0,(44|37)
0.02057469,1.0,(32|21)
0.02036845,1.0,(41|39)
0.02031448,1.0,(13|24)
0.02016246,1.0,(29|2)
0.02016224,1.0,(13|45)
0.01974083,1.0,(11|2)
0.01972394,1.0,(47|38)
0.01967745,1.0,(24|7)
0.01966922,1.0,(13|25)
0.01960061,1.0,(38|48)
0.01959866,1.0,(30|46)
0.01955477,1.0,(35|38)
0.01954520,1.0,(32|14)
0.01942910,1.0,(32|46)
0.01935414,1.0,(38|6)
0.01935023,1.0,(9|23)
0.01926655,1.0,(47|44)
0.01920551,1.0,(20|10)
0.01912244,1.0,(19|13)
0.01911642,1.0,(14|23)
0.01911427,1.0,(16|20)
0.01910856,1.0,(39|2)
0.01903594,1.0,(36|40)
0.01896538,1.0,(10|4)
0.01895394,1.0,(6|36)
0.01895239,1.0,(28|20)
0.01890675,1.0,(9|3)
0.01889129,1.0,(16|9)
0.01883879,1.0,(40|3)
0.01883217,1.0,(27|0)
0.01872216,1.0,(44|38)
0.01862067,1.0,(37|37)
0.01859752,1.0,(17|2)
0.01846208,1.0,(29|10)
0.01842811,1.0,(46|41)
0.01835796,1.0,(37|38)
0.01822113,1.0,(14|3)
0.01814511,1.0,(45|46)
0.01810682,1.0,(13|7)
0.01809086,1.0,(19|9)
0.01805998,1.0,(24|8)
0.01800342,1.0,(21|45)
0.01791729,1.0,(38|45)
0.01783757,1.0,(39|39)
0.01769995,1.0,(30|45)
0.01757185,1.0,(27|4)
0.01754894,1.0,(7|19)
0.01752428,1.0,(36|12)
0.01745416,1.0,(43|40)
0.01739256,1.0,(44|41)
0.01730493,1.0,(12|2)
0.01704416,1.0,(20|45)
0.01702971,1.0,(32|47)
0.01702379,1.0,(14|7)
0.01696004,1.0,(2|6)
0.01693466,1.0,(7|7)
0.01690219,1.0,(45|42)
0.01687469,1.0,(25|21)
0.01683457,1.0,(12|10)
0.01678729,1.0,(15|12)
0.01678604,1.0,(34|6)
0.01668308,1.0,(43|41)
0.01657281,1.0,(26|4)
0.01655649,1.0,(19|4)
0.01652094,1.0,(5|28)
0.01645936,1.0,(19|0)
0.01643386,1.0,(13|3)
0.01640859,1.0,(2|7)
0.01638665,1.0,(39|47)
0.01635971,1.0,(47|46)
0.01634136,1.0,(31|49)
0.01633896,1.0,(19|14)
0.01615277,1.0,(24|3)
0.01611359,1.0,(32|0)
0.01602902,1.0,(28|4)
0.01599891,1.0,(6|6)
0.01594401,1.0,(18|6)
0.01593271,1.0,(36|34)
0.01583548,1.0,(10|2)
0.01577898,1.0,(15|13)
0.01572681,1.0,(44|42)
0.01565212,1.0,(35|18)
0.01564552,1.0,(15|21)
0.01553160,1.0,(40|48)
0.01547215,1.0,(36|41)
0.01546899,1.0,(41|5)
0.01541179,1.0,(11|4)
0.01540603,1.0,(31|0)
0.01533815,1.0,(30|5)
0.01532923,1.0,(47|43)
0.01532124,1.0,(15|24)
0.01524834,1.0,(47|35)
0.01522681,1.0,(37|44)
0.01518609,1.0,(8|42)
0.01515236,1.0,(30|6)
0.01512438,1.0,(3|6)
0.01509587,1.0,(40|39)
0.01507805,1.0,(8|22)
0.01507572,1.0,(31|47)
0.01504360,1.0,(39|6)
0.01503388,1.0,(1|1)
0.01501217,1.0,(25|49)
0.01489616,1.0,(14|45)
0.01483514,1.0,(7|6)
0.01480355,1.0,(13|44)
0.01479259,1.0,(25|6)
0.01477982,1.0,(19|44)
0.01475417,1.0,(1|7)
0.01465592,1.0,(33|1)
0.01463781,1.0,(39|11)
0.01461592,1.0,(33|47)
0.01460004,1.0,(14|12)
0.01457354,1.0,(34|5)
0.01456024,1.0,(26|20)
0.01455772,1.0,(18|9)
0.01442235,1.0,(32|49)
0.01441651,1.0,(11|1)
0.01424554,1.0,(42|38)
0.01400214,1.0,(14|35)
0.01390121,1.0,(15|1)
0.01389069,1.0,(2|5)
0.01382447,1.0,(45|43)
0.01376558,1.0,(27|8)
0.01375224,1.0,(36|49)
0.01358409,1.0,(37|49)
0.01354903,1.0,(46|40)
0.01350652,1.0,(9|10)
0.01336159,1.0,(33|33)
0.01333396,1.0,(16|10)
0.01331958,1.0,(35|19)
0.01331864,1.0,(39|45)
0.01327249,1.0,(13|46)
0.01326790,1.0,(22|43)
0.01324909,1.0,(8|21)
0.01324302,1.0,(8|7)
0.01319558,1.0,(43|38)
0.01318797,1.0,(34|33)
0.01311132,1.0,(8|18)
0.01304095,1.0,(38|39)
0.01297934,1.0,(22|47)
0.01290095,1.0,(8|25)
0.01280563,1.0,(3|1)
0.01276823,1.0,(31|6)
0.01272849,1.0,(15|0)
0.01267944,1.0,(43|6)
0.01267257,1.0,(17|5)
0.01246397,1.0,(8|23)
0.01243443,1.0,(31|5)
0.01240678,1.0,(46|38)
0.01237836,1.0,(9|7)
0.01234580,1.0,(35|37)
0.01234347,1.0,(15|40)
0.01232561,1.0,(39|3)
0.01228302,1.0,(46|44)
0.01222567,1.0,(22|42)
0.01222208,1.0,(7|45)
0.01220097,1.0,(9|22)
0.01219417,1.0,(22|48)
0.01211441,1.0,(1|40)
0.01208451,1.0,(34|42)
0.01205420,1.0,(7|49)
0.01201529,1.0,(21|11)
0.01201378,1.0,(16|14)
0.01200880,1.0,(15|35)
0.01200081,1.0,(9|4)
0.01196581,1.0,(25|19)
0.01195903,1.0,(16|18)
0.01194042,1.0,(12|39)
0.01191107,1.0,(45|38)
0.01184882,1.0,(2|43)
0.01181366,1.0,(2|48)
0.01180001,1.0,(19|43)
0.01180001,1.0,(39|43)
0.01170850,1.0,(26|9)
0.01169543,1.0,(16|5)
0.01164424,1.0,(5|29)
0.01163628,1.0,(18|0)
0.01162118,1.0,(35|45)
0.01156143,1.0,(47|39)
0.01153481,1.0,(9|9)
0.01152586,1.0,(32|13)
0.01152579,1.0,(33|14)
0.01145669,1.0,(34|47)
0.01143450,1.0,(33|5)
0.01136647,1.0,(28|2)
0.01133737,1.0,(15|8)
0.01133302,1.0,(40|6)
0.01127877,1.0,(35|49)
0.01126915,1.0,(32|1)
0.01124016,1.0,(40|36)
0.01120861,1.0,(31|45)
0.01114965,1.0,(0|36)
0.01113530,1.0,(26|49)
0.01111154,1.0,(12|3)
0.01110440,1.0,(4|46)
0.01106803,1.0,(20|43)
0.01106122,1.0,(15|39)
0.01105232,1.0,(10|23)
0.01100179,1.0,(8|17)
0.01097715,1.0,(34|13)
0.01096305,1.0,(37|36)
0.01096084,1.0,(41|48)
0.01094948,1.0,(2|46)
0.01092128,1.0,(32|48)
0.01085499,1.0,(3|36)
0.01082459,1.0,(31|48)
0.01082149,1.0,(38|3)
0.01081736,1.0,(10|22)
0.01079722,1.0,(17|19)
0.01077817,1.0,(45|36)
0.01074065,1.0,(40|42)
0.01072702,1.0,(3|2)
0.01068398,1.0,(1|8)
0.01067302,1.0,(30|3)
0.01066197,1.0,(14|49)
0.01063084,1.0,(30|20)
0.01061579,1.0,(39|46)
0.01061166,1.0,(1|5)
0.01058470,1.0,(13|5)
0.01058434,1.0,(9|25)
0.01057643,1.0,(18|4)
0.01049884,1.0,(12|7)
0.01043285,1.0,(14|46)
0.01041175,1.0,(25|28)
0.01039673,1.0,(37|11)
0.01038856,1.0,(36|6)
0.01036298,1.0,(40|43)
0.01034995,1.0,(23|6)
0.01034461,1.0,(13|2)
0.01033816,1.0,(26|21)
0.01027036,1.0,(9|8)
0.01023369,1.0,(7|23)
0.01022080,1.0,(15|48)
0.01011577,1.0,(13|18)
0.01008593,1.0,(43|37)
0.01007683,1.0,(12|11)
0.01003756,1.0,(14|39)
0.01003616,1.0,(2|40)
0.01001634,1.0,(36|0)
0.01000058,1.0,(36|39)
0.009880312,1.0,(41|47)
0.009856419,1.0,(37|42)
0.009824052,1.0,(32|40)
0.009779259,1.0,(14|9)
0.009758897,1.0,(15|14)
0.009757932,1.0,(24|14)
0.009741609,1.0,(12|5)
0.009728152,1.0,(16|43)
0.009723806,1.0,(43|42)
0.009702685,1.0,(0|32)
0.009692560,1.0,(7|20)
0.009635389,1.0,(34|41)
0.009621967,1.0,(14|6)
0.009582491,1.0,(45|40)
0.009573681,1.0,(7|5)
0.009563982,1.0,(44|43)
0.009539782,1.0,(38|38)
0.009529825,1.0,(22|45)
0.009450576,1.0,(7|42)
0.009445169,1.0,(23|4)
0.009393053,1.0,(19|3)
0.009382803,1.0,(31|37)
0.009281210,1.0,(15|3)
0.009258800,1.0,(31|38)
0.009235991,1.0,(8|19)
0.009233819,1.0,(17|9)
0.009228372,1.0,(20|11)
0.009225894,1.0,(32|19)
0.009211264,1.0,(6|48)
0.009151058,1.0,(11|34)
0.009115405,1.0,(4|5)
0.009100418,1.0,(46|39)
0.009091092,1.0,(18|33)
0.009080960,1.0,(33|34)
0.009001817,1.0,(23|9)
0.008982942,1.0,(29|1)
0.008975556,1.0,(20|48)
0.008928921,1.0,(39|4)
0.008909166,1.0,(1|36)
0.008904925,1.0,(1|39)
0.008857775,1.0,(16|39)
0.008838705,1.0,(46|43)
0.008789021,1.0,(30|48)
0.008788729,1.0,(31|35)
0.008781196,1.0,(23|48)
0.008744407,1.0,(28|3)
0.008708865,1.0,(4|0)
0.008701080,1.0,(27|6)
0.008696385,1.0,(30|26)
0.008692274,1.0,(13|1)
0.008637200,1.0,(12|1)
0.008635130,1.0,(46|42)
0.008572387,1.0,(9|6)
0.008543237,1.0,(16|3)
0.008539535,1.0,(37|1)
0.008526141,1.0,(36|45)
0.008515607,1.0,(15|20)
0.008508909,1.0,(15|7)
0.008486910,1.0,(28|10)
0.008486089,1.0,(0|37)
0.008484674,1.0,(37|41)
0.008454282,1.0,(6|18)
0.008451122,1.0,(41|10)
0.008444173,1.0,(28|6)
0.008435791,1.0,(49|37)
0.008435442,1.0,(2|39)
0.008428450,1.0,(2|4)
0.008420972,1.0,(9|11)
0.008417449,1.0,(26|12)
0.008395952,1.0,(13|19)
0.008394632,1.0,(11|35)
0.008373138,1.0,(30|4)
0.008372170,1.0,(44|39)
0.008335290,1.0,(33|21)
0.008327529,1.0,(13|12)
0.008307324,1.0,(19|11)
0.008292045,1.0,(19|42)
0.008261311,1.0,(33|32)
0.008235808,1.0,(9|16)
0.008191731,1.0,(17|10)
0.008188877,1.0,(15|4)
0.008179157,1.0,(36|42)
0.008144780,1.0,(3|3)
0.008116572,1.0,(32|32)
0.008110110,1.0,(40|47)
0.008090561,1.0,(44|35)
0.008019499,1.0,(15|43)
0.008005193,1.0,(6|28)
0.007994652,1.0,(9|15)
0.007925681,1.0,(3|5)
0.007922809,1.0,(8|2)
0.007912647,1.0,(29|45)
0.007912496,1.0,(35|34)
0.007911302,1.0,(32|20)
0.007900028,1.0,(42|39)
0.007891132,1.0,(26|10)
0.007862462,1.0,(45|34)
0.007848375,1.0,(5|15)
0.007832476,1.0,(30|37)
0.007819606,1.0,(17|1)
0.007799373,1.0,(6|42)
0.007774443,1.0,(23|49)
0.007740565,1.0,(2|42)
0.007739667,1.0,(33|18)
0.007722116,1.0,(28|46)
0.007719575,1.0,(33|45)
0.007718510,1.0,(40|45)
0.007641886,1.0,(16|45)
0.007620616,1.0,(14|8)
0.007620380,1.0,(31|36)
0.007596280,1.0,(36|44)
0.007595346,1.0,(42|42)
0.007478008,1.0,(22|44)
0.007465259,1.0,(25|7)
0.007464224,1.0,(17|18)
0.007416260,1.0,(35|39)
0.007403711,1.0,(18|10)
0.007384648,1.0,(17|4)
0.007355069,1.0,(35|40)
0.007350330,1.0,(19|2)
0.007338951,1.0,(27|9)
0.007335006,1.0,(37|25)
0.007315300,1.0,(26|0)
0.007306342,1.0,(32|22)
0.007268497,1.0,(29|47)
0.007213815,1.0,(39|32)
0.007212922,1.0,(5|16)
0.007205430,1.0,(36|19)
0.007204169,1.0,(4|45)
0.007203023,1.0,(40|40)
0.007192760,1.0,(4|48)
0.007183576,1.0,(26|13)
0.007179420,1.0,(12|6)
0.007178864,1.0,(13|9)
0.007167170,1.0,(10|3)
0.007160304,1.0,(48|44)
0.007095617,1.0,(40|5)
0.007080582,1.0,(43|36)
0.007078039,1.0,(31|4)
0.007073117,1.0,(38|37)
0.007007925,1.0,(8|43)
0.006975898,1.0,(27|5)
0.006960148,1.0,(15|38)
0.006932887,1.0,(41|6)
0.006891626,1.0,(33|6)
0.006891049,1.0,(9|43)
0.006859089,1.0,(12|8)
0.006857299,1.0,(35|42)
0.006852391,1.0,(10|6)
0.006841636,1.0,(18|32)
0.006817094,1.0,(25|3)
0.006764403,1.0,(38|11)
0.006764262,1.0,(4|15)
0.006730001,1.0,(40|41)
0.006713341,1.0,(38|24)
0.006677822,1.0,(15|22)
0.006675821,1.0,(29|48)
0.006658413,1.0,(5|36)
0.006649553,1.0,(16|2)
0.006630495,1.0,(7|34)
0.006621912,1.0,(38|46)
0.006590226,1.0,(19|41)
0.006555246,1.0,(23|20)
0.006547428,1.0,(24|19)
0.006527626,1.0,(8|0)
0.006503658,1.0,(29|9)
0.006486312,1.0,(34|32)
0.006477366,1.0,(34|19)
0.006473687,1.0,(32|7)
0.006472507,1.0,(0|29)
0.006452075,1.0,(36|22)
0.006441481,1.0,(9|17)
0.006431947,1.0,(41|8)
0.006425336,1.0,(13|8)
0.006401101,1.0,(18|47)
0.006369671,1.0,(17|46)
0.006350891,1.0,(38|47)
0.006348965,1.0,(35|41)
0.006332032,1.0,(15|2)
0.006327537,1.0,(23|19)
0.006310186,1.0,(15|23)
0.006293854,1.0,(7|46)
0.006290860,1.0,(35|8)
0.006196140,1.0,(6|45)
0.006143081,1.0,(38|34)
0.006132160,1.0,(37|12)
0.006119449,1.0,(27|10)
0.006087315,1.0,(45|39)
0.006083085,1.0,(36|11)
0.006069451,1.0,(28|47)
0.006066789,1.0,(22|46)
0.006064806,1.0,(13|40)
0.006051783,1.0,(15|26)
0.006003057,1.0,(29|4)
0.005986005,1.0,(26|11)
0.005982863,1.0,(32|12)
0.005972229,1.0,(34|43)
0.005970728,1.0,(18|46)
0.005940024,1.0,(14|21)
0.005903871,1.0,(25|48)
0.005889952,1.0,(24|36)
0.005889195,1.0,(12|15)
0.005886248,1.0,(4|40)
0.005884487,1.0,(20|47)
0.005863081,1.0,(6|15)
0.005856622,1.0,(11|21)
0.005854025,1.0,(10|13)
0.005829442,1.0,(39|38)
0.005826635,1.0,(27|20)
0.005785633,1.0,(2|38)
0.005773535,1.0,(35|44)
0.005724891,1.0,(11|3)
0.005721829,1.0,(6|26)
0.005715430,1.0,(21|49)
0.005710356,1.0,(32|44)
0.005701443,1.0,(20|44)
0.005679233,1.0,(8|36)
0.005667489,1.0,(31|22)
0.005665282,1.0,(47|42)
0.005661846,1.0,(31|30)
0.005649844,1.0,(2|36)
0.005647005,1.0,(10|21)
0.005642331,1.0,(30|29)
0.005641191,1.0,(14|47)
0.005625777,1.0,(31|29)
0.005614466,1.0,(6|30)
0.005604139,1.0,(20|5)
0.005599606,1.0,(44|36)
0.005570528,1.0,(30|2)
0.005550129,1.0,(25|10)
0.005536668,1.0,(4|36)
0.005521986,1.0,(33|15)
0.005515377,1.0,(10|5)
0.005513554,1.0,(31|21)
0.005509819,1.0,(28|12)
0.005502760,1.0,(25|8)
0.005476834,1.0,(11|0)
0.005452494,1.0,(9|0)
0.005436754,1.0,(25|11)
0.005432261,1.0,(11|40)
0.005420298,1.0,(31|1)
0.005405841,1.0,(11|36)
0.005391628,1.0,(9|5)
0.005382128,1.0,(34|35)
0.005376821,1.0,(1|6)
0.005360032,1.0,(19|5)
0.005338929,1.0,(34|25)
0.005316772,1.0,(10|15)
0.005315231,1.0,(25|16)
0.005314927,1.0,(24|1)
0.005255758,1.0,(43|35)
0.005248602,1.0,(18|40)
0.005235450,1.0,(13|15)
0.005231065,1.0,(12|17)
0.005221988,1.0,(19|39)
0.005214185,1.0,(42|7)
0.005200633,1.0,(11|39)
0.005165391,1.0,(30|44)
0.005163058,1.0,(33|7)
0.005160119,1.0,(9|26)
0.005156296,1.0,(17|32)
0.005136848,1.0,(3|38)
0.005103382,1.0,(49|40)
0.005085923,1.0,(31|2)
0.005036747,1.0,(27|26)
0.005034600,1.0,(23|45)
0.004994245,1.0,(13|47)
0.004988576,1.0,(29|19)
0.004985324,1.0,(36|23)
0.004959702,1.0,(7|36)
0.004951641,1.0,(17|48)
0.004928843,1.0,(14|2)
0.004927245,1.0,(24|2)
0.004925318,1.0,(14|18)
0.004925200,1.0,(10|1)
0.004904998,1.0,(36|35)
0.004872342,1.0,(43|7)
0.004868098,1.0,(24|48)
0.004867880,1.0,(49|44)
0.004864311,1.0,(8|34)
0.004834087,1.0,(27|48)
0.004828326,1.0,(39|37)
0.004814532,1.0,(1|31)
0.004787332,1.0,(8|26)
0.004784004,1.0,(5|14)
0.004743244,1.0,(20|4)
0.004738498,1.0,(32|30)
0.004738031,1.0,(41|45)
0.004733818,1.0,(5|25)
0.004733774,1.0,(47|34)
0.004732761,1.0,(14|26)
0.004720081,1.0,(46|45)
0.004718693,1.0,(23|21)
0.004709079,1.0,(12|40)
0.004700655,1.0,(24|11)
0.004687940,1.0,(12|37)
0.004673719,1.0,(40|38)
0.004673244,1.0,(18|49)
0.004619004,1.0,(23|44)
0.004605087,1.0,(29|29)
0.004596308,1.0,(0|7)
0.004594047,1.0,(16|1)
0.004570917,1.0,(21|6)
0.004563533,1.0,(26|15)
0.004558957,1.0,(18|5)
0.004548994,1.0,(28|11)
0.004545754,1.0,(13|36)
0.004545656,1.0,(8|4)
0.004531560,1.0,(33|43)
0.004529877,1.0,(7|17)
0.004504925,1.0,(19|6)
0.004504810,1.0,(16|47)
0.004498052,1.0,(44|40)
0.004476124,1.0,(3|47)
0.004457417,1.0,(11|15)
0.004456963,1.0,(25|0)
0.004449470,1.0,(32|18)
0.004445800,1.0,(9|20)
0.004442450,1.0,(15|41)
0.004424119,1.0,(46|37)
0.004417084,1.0,(1|33)
0.004406993,1.0,(38|36)
0.004355103,1.0,(30|49)
0.004351011,1.0,(32|6)
0.004344053,1.0,(26|14)
0.004313535,1.0,(44|7)
0.004313302,1.0,(37|43)
0.004303035,1.0,(47|41)
0.004298076,1.0,(7|30)
0.004263042,1.0,(14|0)
0.004256044,1.0,(12|48)
0.004252379,1.0,(47|32)
0.004252276,1.0,(16|0)
0.004247498,1.0,(10|14)
0.004244064,1.0,(11|14)
0.004243140,1.0,(35|9)
0.004237975,1.0,(27|47)
0.004223279,1.0,(48|38)
0.004222939,1.0,(0|43)
0.004210580,1.0,(48|37)
0.004209710,1.0,(40|46)
0.004194897,1.0,(32|5)
0.004194603,1.0,(30|38)
0.004187000,1.0,(11|5)
0.004160054,1.0,(47|36)
0.004153473,1.0,(19|38)
0.004144968,1.0,(15|45)
0.004142258,1.0,(11|42)
0.004108450,1.0,(3|40)
0.004104396,1.0,(8|5)
0.004085919,1.0,(29|49)
0.004049917,1.0,(30|36)
0.004045317,1.0,(31|9)
0.004040929,1.0,(31|44)
0.004024479,1.0,(4|3)
0.004015952,1.0,(14|22)
0.004004587,1.0,(31|43)
0.003987064,1.0,(14|1)
0.003969638,1.0,(37|34)
0.003961323,1.0,(18|41)
0.003934841,1.0,(27|46)
0.003930764,1.0,(8|11)
0.003927067,1.0,(14|37)
0.003913039,1.0,(15|25)
0.003911936,1.0,(33|37)
0.003905915,1.0,(13|20)
0.003895523,1.0,(35|25)
0.003894063,1.0,(28|9)
0.003882467,1.0,(16|35)
0.003864378,1.0,(25|9)
0.003864048,1.0,(34|44)
0.003852562,1.0,(24|47)
0.003851897,1.0,(6|35)
0.003849546,1.0,(17|49)
0.003840992,1.0,(12|19)
0.003799978,1.0,(11|7)
0.003794225,1.0,(28|5)
0.003793780,1.0,(33|19)
0.003790018,1.0,(10|35)
0.003775700,1.0,(25|13)
0.003767709,1.0,(38|29)
0.003755918,1.0,(13|17)
0.003713653,1.0,(17|17)
0.003707237,1.0,(4|44)
0.003706965,1.0,(47|40)
0.003706908,1.0,(7|4)
0.003696787,1.0,(33|42)
0.003686228,1.0,(15|18)
0.003678052,1.0,(14|40)
0.003674789,1.0,(24|21)
0.003674280,1.0,(32|29)
0.003671656,1.0,(26|8)
0.003666431,1.0,(42|8)
0.003663670,1.0,(46|35)
0.003657433,1.0,(0|35)
0.003647608,1.0,(12|42)
0.003641268,1.0,(13|6)
0.003634577,1.0,(6|25)
0.003617396,1.0,(1|32)
0.003610301,1.0,(32|4)
0.003605969,1.0,(10|0)
0.003601306,1.0,(32|43)
0.003597539,1.0,(7|44)
0.003597021,1.0,(29|5)
0.003596763,1.0,(9|21)
0.003589926,1.0,(1|42)
0.003587187,1.0,(11|27)
0.003569715,1.0,(39|36)
0.003567939,1.0,(25|47)
0.003551958,1.0,(25|5)
0.003542028,1.0,(39|35)
0.003509857,1.0,(38|35)
0.003509480,1.0,(26|19)
0.003509144,1.0,(35|31)
0.003496754,1.0,(1|37)
0.003496653,1.0,(0|6)
0.003462326,1.0,(14|16)
0.003459225,1.0,(31|24)
0.003435069,1.0,(31|40)
0.003399802,1.0,(29|37)
0.003383748,1.0,(6|12)
0.003352112,1.0,(26|48)
0.003340580,1.0,(25|39)
0.003333061,1.0,(36|16)
0.003329966,1.0,(5|33)
0.003328521,1.0,(32|41)
0.003323658,1.0,(7|48)
0.003319817,1.0,(14|13)
0.003319629,1.0,(49|41)
0.003316036,1.0,(8|6)
0.003315327,1.0,(37|0)
0.003315322,1.0,(25|15)
0.003306893,1.0,(29|6)
0.003304803,1.0,(18|15)
0.003297196,1.0,(23|0)
0.003280301,1.0,(3|43)
0.003278451,1.0,(5|46)
0.003275101,1.0,(34|36)
0.003260785,1.0,(31|3)
0.003224812,1.0,(23|47)
0.003224255,1.0,(38|33)
0.003212992,1.0,(9|42)
0.003206388,1.0,(42|6)
0.003204506,1.0,(49|29)
0.003201562,1.0,(8|3)
0.003196966,1.0,(7|25)
0.003187895,1.0,(24|49)
0.003181185,1.0,(10|34)
0.003159406,1.0,(37|35)
0.003151698,1.0,(35|26)
0.003149329,1.0,(0|31)
0.003147100,1.0,(8|41)
0.003143476,1.0,(20|12)
0.003137788,1.0,(25|14)
0.003135392,1.0,(24|45)
0.003120167,1.0,(29|44)
0.003113542,1.0,(16|27)
0.003097175,1.0,(26|47)
0.003096041,1.0,(27|23)
0.003092467,1.0,(8|16)
0.003081766,1.0,(49|36)
0.003079290,1.0,(27|7)
0.003078596,1.0,(11|22)
0.003075154,1.0,(28|13)
0.003073528,1.0,(21|23)
0.003071113,1.0,(35|22)
0.003066840,1.0,(4|47)
0.003046680,1.0,(8|49)
0.003045718,1.0,(23|46)
0.003038300,1.0,(37|29)
0.003023534,1.0,(16|16)
0.003013781,1.0,(28|48)
0.003012362,1.0,(37|24)
0.002998172,1.0,(21|21)
0.002996713,1.0,(10|18)
0.002986698,1.0,(10|36)
0.002980807,1.0,(4|2)
0.002979412,1.0,(36|36)
0.002977785,1.0,(6|37)
0.002975676,1.0,(14|14)
0.002974058,1.0,(15|19)
0.002956634,1.0,(12|34)
0.002955965,1.0,(6|11)
0.002948269,1.0,(3|39)
0.002935175,1.0,(4|1)
0.002923643,1.0,(49|43)
0.002913203,1.0,(27|24)
0.002912718,1.0,(32|33)
0.002910107,1.0,(48|35)
0.002889104,1.0,(9|24)
0.002887011,1.0,(16|17)
0.002882515,1.0,(7|35)
0.002881209,1.0,(36|43)
0.002877577,1.0,(7|0)
0.002875053,1.0,(34|38)
0.002873493,1.0,(9|1)
0.002868867,1.0,(34|31)
0.002867988,1.0,(14|5)
0.002865926,1.0,(10|12)
0.002862315,1.0,(14|27)
0.002855096,1.0,(38|32)
0.002854663,1.0,(7|31)
0.002821635,1.0,(21|5)
0.002811725,1.0,(13|0)
0.002810299,1.0,(19|37)
0.002801456,1.0,(38|30)
0.002800368,1.0,(49|31)
0.002795135,1.0,(20|20)
0.002789188,1.0,(23|3)
0.002785675,1.0,(3|4)
0.002768622,1.0,(49|38)
0.002764239,1.0,(34|40)
0.002763593,1.0,(28|44)
0.002758161,1.0,(49|32)
0.002751392,1.0,(18|17)
0.002739180,1.0,(38|27)
0.002720011,1.0,(26|39)
0.002718603,1.0,(34|7)
0.002712475,1.0,(16|21)
0.002685406,1.0,(7|2)
0.002682756,1.0,(3|35)
0.002670667,1.0,(21|43)
0.002663824,1.0,(39|23)
0.002652962,1.0,(5|34)
0.002652570,1.0,(16|44)
0.002647080,1.0,(0|40)
0.002646710,1.0,(35|16)
0.002641089,1.0,(27|12)
0.002640462,1.0,(18|37)
0.002640008,1.0,(15|16)
0.002630012,1.0,(17|33)
0.002608952,1.0,(15|17)
0.002595783,1.0,(16|33)
0.002591654,1.0,(13|21)
0.002590225,1.0,(30|1)
0.002586747,1.0,(26|16)
0.002577457,1.0,(13|35)
0.002557492,1.0,(14|19)
0.002553288,1.0,(13|49)
0.002541355,1.0,(39|30)
0.002539102,1.0,(28|24)
0.002538844,1.0,(12|9)
0.002532626,1.0,(29|21)
0.002531210,1.0,(12|18)
0.002511713,1.0,(11|37)
0.002509830,1.0,(8|24)
0.002509198,1.0,(41|46)
0.002503252,1.0,(32|3)
0.002501549,1.0,(32|37)
0.002489719,1.0,(5|45)
0.002477688,1.0,(11|41)
0.002472556,1.0,(1|38)
0.002468633,1.0,(24|25)
0.002457471,1.0,(34|18)
0.002455001,1.0,(6|5)
0.002421035,1.0,(28|26)
0.002418958,1.0,(29|11)
0.002406743,1.0,(46|46)
0.002376994,1.0,(15|15)
0.002376583,1.0,(6|17)
0.002375426,1.0,(23|5)
0.002372358,1.0,(12|36)
0.002357236,1.0,(28|45)
0.002336284,1.0,(48|34)
0.002330038,1.0,(14|20)
0.002328934,1.0,(19|10)
0.002328417,1.0,(19|22)
0.002321856,1.0,(12|33)
0.002316871,1.0,(37|21)
0.002315723,1.0,(10|16)
0.002304583,1.0,(7|41)
0.002280656,1.0,(20|13)
0.002259409,1.0,(47|45)
0.002249355,1.0,(31|20)
0.002239739,1.0,(6|16)
0.002229397,1.0,(22|19)
0.002225955,1.0,(16|22)
0.002217187,1.0,(41|9)
0.002201947,1.0,(35|43)
0.002199752,1.0,(25|12)
0.002198851,1.0,(30|0)
0.002190340,1.0,(18|48)
0.002188760,1.0,(6|27)
0.002186731,1.0,(11|25)
0.002171634,1.0,(48|40)
0.002170908,1.0,(47|31)
0.002158494,1.0,(28|8)
0.002152288,1.0,(13|27)
0.002150768,1.0,(28|29)
0.002144020,1.0,(16|41)
0.002131890,1.0,(35|12)
0.002118055,1.0,(37|23)
0.002116783,1.0,(5|40)
0.002098146,1.0,(10|17)
0.002094846,1.0,(9|34)
0.002092878,1.0,(38|14)
0.002091935,1.0,(30|32)
0.002089356,1.0,(33|13)
0.002072469,1.0,(13|23)
0.002065673,1.0,(26|28)
0.002058577,1.0,(5|17)
0.002053705,1.0,(34|15)
0.002048964,1.0,(16|38)
0.002046432,1.0,(31|7)
0.002040768,1.0,(6|41)
0.002036236,1.0,(36|26)
0.002029606,1.0,(4|34)
0.002026524,1.0,(23|25)
0.002019463,1.0,(17|45)
0.002010242,1.0,(32|11)
0.002007625,1.0,(8|35)
0.002001786,1.0,(5|2)
0.001998883,1.0,(14|34)
0.001997120,1.0,(26|22)
0.001994561,1.0,(18|45)
0.001986640,1.0,(27|11)
0.001975424,1.0,(13|43)
0.001968598,1.0,(12|35)
0.001954344,1.0,(36|33)
0.001949671,1.0,(48|31)
0.001945008,1.0,(29|43)
0.001938478,1.0,(1|35)
0.001925932,1.0,(32|38)
0.001925046,1.0,(5|48)
0.001908878,1.0,(28|19)
0.001903918,1.0,(21|44)
0.001897054,1.0,(35|30)
0.001895489,1.0,(6|47)
0.001895303,1.0,(37|27)
0.001891035,1.0,(32|15)
0.001877508,1.0,(0|33)
0.001868067,1.0,(6|4)
0.001860329,1.0,(38|22)
0.001857120,1.0,(11|24)
0.001855855,1.0,(21|42)
0.001849342,1.0,(15|27)
0.001846003,1.0,(3|44)
0.001839886,1.0,(38|13)
0.001805257,1.0,(26|26)
0.001804781,1.0,(39|29)
0.001803812,1.0,(12|44)
0.001798223,1.0,(7|22)
0.001791496,1.0,(14|17)
0.001785266,1.0,(32|39)
0.001781034,1.0,(49|35)
0.001776795,1.0,(20|2)
0.001776402,1.0,(14|48)
0.001771259,1.0,(13|48)
0.001763912,1.0,(11|9)
0.001761402,1.0,(36|28)
0.001754420,1.0,(38|28)
0.001751010,1.0,(8|1)
0.001747804,1.0,(11|48)
0.001715877,1.0,(22|1)
0.001707864,1.0,(14|15)
0.001704620,1.0,(2|37)
0.001699767,1.0,(48|43)
0.001699257,1.0,(34|8)
0.001686007,1.0,(16|4)
0.001653253,1.0,(40|4)
0.001653148,1.0,(42|10)
0.001646054,1.0,(31|18)
0.001644104,1.0,(30|22)
0.001640490,1.0,(17|31)
0.001625633,1.0,(22|49)
0.001600147,1.0,(20|3)
0.001598289,1.0,(20|21)
0.001597808,1.0,(26|27)
0.001597246,1.0,(13|31)
0.001589274,1.0,(10|7)
0.001586528,1.0,(9|18)
0.001585839,1.0,(31|19)
0.001580526,1.0,(12|12)
0.001579838,1.0,(22|6)
0.001579807,1.0,(33|44)
0.001576465,1.0,(35|33)
0.001573645,1.0,(12|16)
0.001570136,1.0,(6|49)
0.001567982,1.0,(12|21)
0.001565138,1.0,(33|22)
0.001563978,1.0,(12|24)
0.001555464,1.0,(24|12)
0.001554715,1.0,(5|26)
0.001549923,1.0,(27|16)
0.001531843,1.0,(9|14)
0.001524765,1.0,(36|21)
0.001520658,1.0,(7|29)
0.001519842,1.0,(12|25)
0.001517711,1.0,(11|26)
0.001504816,1.0,(26|6)
0.001504463,1.0,(11|19)
0.001502729,1.0,(29|28)
0.001497395,1.0,(34|12)
0.001492508,1.0,(32|17)
0.001488534,1.0,(2|41)
0.001484887,1.0,(31|13)
0.001481713,1.0,(10|11)
0.001479960,1.0,(31|15)
0.001459871,1.0,(18|44)
0.001441017,1.0,(15|47)
0.001440674,1.0,(21|20)
0.001440318,1.0,(30|7)
0.001439523,1.0,(9|44)
0.001426968,1.0,(0|34)
0.001411322,1.0,(31|14)
0.001409800,1.0,(24|13)
0.001409490,1.0,(13|16)
0.001405175,1.0,(40|37)
0.001396170,1.0,(33|17)
0.001394604,1.0,(7|37)
0.001392876,1.0,(34|29)
0.001391554,1.0,(17|47)
0.001390540,1.0,(8|44)
0.001388243,1.0,(37|26)
0.001381209,1.0,(11|17)
0.001355014,1.0,(25|29)
0.001353215,1.0,(23|1)
0.001343032,1.0,(28|21)
0.001340037,1.0,(18|42)
0.001338287,1.0,(32|36)
0.001331549,1.0,(19|32)
0.001330542,1.0,(3|42)
0.001307001,1.0,(35|23)
0.001299480,1.0,(16|46)
0.001297942,1.0,(37|30)
0.001295786,1.0,(10|25)
0.001295717,1.0,(11|6)
0.001291136,1.0,(28|7)
0.001285533,1.0,(30|10)
0.001281188,1.0,(33|16)
0.001275088,1.0,(12|20)
0.001272911,1.0,(31|32)
0.001265000,1.0,(3|37)
0.001262548,1.0,(26|44)
0.001262421,1.0,(32|34)
0.001261312,1.0,(9|19)
0.001261182,1.0,(4|4)
0.001259892,1.0,(21|12)
0.001259439,1.0,(30|9)
0.001256805,1.0,(10|48)
0.001253555,1.0,(36|27)
0.001253030,1.0,(19|47)
0.001252444,1.0,(24|15)
0.001249964,1.0,(42|9)
0.001248083,1.0,(32|31)
0.001240374,1.0,(34|26)
0.001235417,1.0,(30|24)
0.001230686,1.0,(27|27)
0.001221340,1.0,(24|0)
0.001215626,1.0,(33|35)
0.001213506,1.0,(35|14)
0.001211253,1.0,(10|42)
0.001210184,1.0,(18|43)
0.001197471,1.0,(22|5)
0.001194518,1.0,(30|33)
0.001187170,1.0,(35|35)
0.001185184,1.0,(35|36)
0.001184877,1.0,(37|28)
0.001181709,1.0,(20|22)
0.001180962,1.0,(12|14)
0.001180568,1.0,(16|26)
0.001176005,1.0,(7|32)
0.001173509,1.0,(36|17)
0.001172774,1.0,(32|35)
0.001171284,1.0,(10|40)
0.001167029,1.0,(11|49)
0.001162359,1.0,(11|18)
0.001156659,1.0,(37|22)
0.001156611,1.0,(12|41)
0.001156220,1.0,(36|25)
0.001153314,1.0,(35|32)
0.001146211,1.0,(4|35)
0.001144369,1.0,(12|47)
0.001142711,1.0,(16|28)
0.001141920,1.0,(5|30)
0.001141670,1.0,(24|10)
0.001140676,1.0,(32|9)
0.001136801,1.0,(17|39)
0.001135578,1.0,(10|19)
0.001132463,1.0,(11|11)
0.001131776,1.0,(6|43)
0.001131705,1.0,(33|29)
0.001128834,1.0,(33|20)
0.001122654,1.0,(11|38)
0.001108056,1.0,(6|34)
0.001105656,1.0,(29|32)
0.001098435,1.0,(5|42)
0.001094977,1.0,(35|15)
0.001091156,1.0,(14|36)
0.001089102,1.0,(11|20)
0.001088338,1.0,(25|27)
0.001082393,1.0,(4|29)
0.001074994,1.0,(34|39)
0.001073898,1.0,(15|36)
0.001072722,1.0,(49|30)
0.001067675,1.0,(4|43)
0.001056099,1.0,(9|13)
0.001042079,1.0,(36|18)
0.001039782,1.0,(48|39)
0.001039574,1.0,(31|23)
0.001039180,1.0,(33|40)
0.001039072,1.0,(23|36)
0.001037066,1.0,(34|24)
0.001032301,1.0,(11|13)
0.001029396,1.0,(4|39)
0.001017457,1.0,(19|40)
0.001016102,1.0,(29|26)
0.001013555,1.0,(34|30)
0.001003019,1.0,(17|43)
0.001000728,1.0,(29|33)
0.0009993566,1.0,(7|43)
0.0009982054,1.0,(37|20)
0.0009865569,1.0,(46|32)
0.0009814082,1.0,(2|31)
0.0009784222,1.0,(9|33)
0.0009778546,1.0,(11|33)
0.0009726692,1.0,(2|47)
0.0009695565,1.0,(11|16)
0.0009686679,1.0,(8|15)
0.0009683127,1.0,(25|40)
0.0009640590,1.0,(5|37)
0.0009622208,1.0,(27|13)
0.0009603746,1.0,(1|41)
0.0009599496,1.0,(8|33)
0.0009549928,1.0,(33|36)
0.0009545251,1.0,(30|21)
0.0009483548,1.0,(22|21)
0.0009475555,1.0,(16|15)
0.0009458738,1.0,(5|49)
0.0009303682,1.0,(23|43)
0.0009257969,1.0,(22|20)
0.0009254512,1.0,(15|42)
0.0009216089,1.0,(10|10)
0.0009190164,1.0,(12|0)
0.0009154815,1.0,(30|13)
0.0009153646,1.0,(31|26)
0.0009137739,1.0,(5|3)
0.0009106835,1.0,(34|9)
0.0009063316,1.0,(16|40)
0.0009063277,1.0,(38|21)
0.0009037927,1.0,(30|30)
0.0009023843,1.0,(30|25)
0.0008999725,1.0,(32|8)
0.0008991596,1.0,(32|24)
0.0008903235,1.0,(1|34)
0.0008895578,1.0,(40|26)
0.0008880435,1.0,(24|28)
0.0008875192,1.0,(37|13)
0.0008795866,1.0,(23|14)
0.0008731544,1.0,(4|41)
0.0008699285,1.0,(34|20)
0.0008697156,1.0,(17|27)
0.0008658165,1.0,(6|40)
0.0008579982,1.0,(7|33)
0.0008532388,1.0,(9|49)
0.0008522731,1.0,(3|34)
0.0008297084,1.0,(36|13)
0.0008294994,1.0,(31|34)
0.0008281443,1.0,(7|9)
0.0008139793,1.0,(5|12)
0.0008091138,1.0,(39|33)
0.0008055450,1.0,(26|24)
0.0008033208,1.0,(31|25)
0.0008014124,1.0,(25|36)
0.0007986999,1.0,(38|31)
0.0007964000,1.0,(26|7)
0.0007941864,1.0,(7|3)
0.0007913061,1.0,(29|30)
0.0007908107,1.0,(12|27)
0.0007887492,1.0,(5|47)
0.0007825275,1.0,(25|25)
0.0007814038,1.0,(17|42)
0.0007809739,1.0,(10|47)
0.0007804670,1.0,(24|24)
0.0007733891,1.0,(6|23)
0.0007726180,1.0,(16|42)
0.0007718689,1.0,(31|17)
0.0007714382,1.0,(13|14)
0.0007702475,1.0,(27|15)
0.0007665870,1.0,(33|8)
0.0007615124,1.0,(33|31)
0.0007602733,1.0,(10|27)
0.0007590199,1.0,(22|10)
0.0007579295,1.0,(35|10)
0.0007571677,1.0,(7|12)
0.0007545887,1.0,(23|27)
0.0007434197,1.0,(7|26)
0.0007400833,1.0,(0|28)
0.0007238695,1.0,(8|37)
0.0007230043,1.0,(24|9)
0.0007219155,1.0,(22|0)
0.0007096140,1.0,(8|45)
0.0007093638,1.0,(28|37)
0.0007071199,1.0,(19|49)
0.0007039454,1.0,(10|43)
0.0007022007,1.0,(27|44)
0.0007012655,1.0,(24|16)
0.0006946286,1.0,(49|42)
0.0006929626,1.0,(15|46)
0.0006903768,1.0,(33|12)
0.0006885409,1.0,(10|49)
0.0006839319,1.0,(26|45)
0.0006797227,1.0,(8|32)
0.0006780427,1.0,(23|11)
0.0006768856,1.0,(0|39)
0.0006731044,1.0,(21|22)
0.0006708261,1.0,(39|31)
0.0006675486,1.0,(33|38)
0.0006601632,1.0,(12|49)
0.0006569152,1.0,(15|34)
0.0006535390,1.0,(26|5)
0.0006459434,1.0,(31|39)
0.0006382683,1.0,(33|30)
0.0006382303,1.0,(21|4)
0.0006377852,1.0,(31|10)
0.0006367699,1.0,(33|41)
0.0006360069,1.0,(35|17)
0.0006329410,1.0,(12|32)
0.0006323145,1.0,(29|24)
0.0006307893,1.0,(9|36)
0.0006246816,1.0,(48|30)
0.0006223873,1.0,(27|25)
0.0006220856,1.0,(14|28)
0.0006200307,1.0,(9|46)
0.0006162853,1.0,(17|0)
0.0006118611,1.0,(30|27)
0.0006108030,1.0,(13|26)
0.0006096861,1.0,(11|8)
0.0006032386,1.0,(16|31)
0.0005874444,1.0,(10|9)
0.0005778176,1.0,(1|29)
0.0005739155,1.0,(37|16)
0.0005726088,1.0,(17|36)
0.0005677242,1.0,(14|31)
0.0005544169,1.0,(12|45)
0.0005526709,1.0,(24|37)
0.0005496454,1.0,(22|27)
0.0005483180,1.0,(4|38)
0.0005481502,1.0,(26|38)
0.0005428192,1.0,(6|33)
0.0005398691,1.0,(21|2)
0.0005395446,1.0,(33|25)
0.0005389773,1.0,(32|16)
0.0005360332,1.0,(9|41)
0.0005346374,1.0,(7|24)
0.0005315375,1.0,(9|35)
0.0005314128,1.0,(20|19)
0.0005292853,1.0,(5|35)
0.0005277985,1.0,(28|25)
0.0005258723,1.0,(25|17)
0.0005256031,1.0,(4|42)
0.0005252035,1.0,(20|23)
0.0005189480,1.0,(10|20)
0.0005188199,1.0,(48|41)
0.0005147240,1.0,(23|22)
0.0005102777,1.0,(13|28)
0.0005083595,1.0,(24|26)
0.0005021158,1.0,(7|38)
0.0004926934,1.0,(24|35)
0.0004922989,1.0,(31|28)
0.0004904338,1.0,(8|30)
0.0004903554,1.0,(23|26)
0.0004884242,1.0,(32|28)
0.0004858272,1.0,(4|33)
0.0004834345,1.0,(21|15)
0.0004805964,1.0,(33|39)
0.0004803427,1.0,(26|40)
0.0004793392,1.0,(18|36)
0.0004781777,1.0,(31|12)
0.0004758837,1.0,(9|12)
0.0004726352,1.0,(20|1)
0.0004695306,1.0,(22|11)
0.0004680131,1.0,(10|37)
0.0004678338,1.0,(6|3)
0.0004677849,1.0,(13|34)
0.0004633752,1.0,(2|35)
0.0004620116,1.0,(25|38)
0.0004573090,1.0,(21|0)
0.0004347826,1.0,(11|47)
0.0004342962,1.0,(48|32)
0.0004327223,1.0,(17|16)
0.0004312199,1.0,(5|43)
0.0004300335,1.0,(0|38)
0.0004298843,1.0,(20|37)
0.0004290808,1.0,(38|26)
0.0004269922,1.0,(17|15)
0.0004262122,1.0,(19|36)
0.0004257195,1.0,(5|1)
0.0004209974,1.0,(11|28)
0.0004184316,1.0,(4|37)
0.0004117671,1.0,(0|30)
0.0004104667,1.0,(6|2)
0.0004101032,1.0,(31|8)
0.0004078963,1.0,(6|46)
0.0004060054,1.0,(26|23)
0.0004040781,1.0,(47|33)
0.0004036486,1.0,(39|14)
0.0003968552,1.0,(13|22)
0.0003954192,1.0,(49|33)
0.0003952008,1.0,(7|40)
0.0003947020,1.0,(35|20)
0.0003942593,1.0,(10|44)
0.0003915538,1.0,(23|10)
0.0003909514,1.0,(36|31)
0.0003890280,1.0,(6|39)
0.0003842000,1.0,(25|24)
0.0003829967,1.0,(38|15)
0.0003824566,1.0,(23|18)
0.0003795655,1.0,(30|28)
0.0003793606,1.0,(31|16)
0.0003775012,1.0,(36|24)
0.0003727716,1.0,(10|8)
0.0003724011,1.0,(7|39)
0.0003709166,1.0,(13|42)
0.0003681848,1.0,(22|23)
0.0003638437,1.0,(26|43)
0.0003600953,1.0,(13|41)
0.0003584231,1.0,(49|34)
0.0003582270,1.0,(32|23)
0.0003581251,1.0,(22|17)
0.0003579163,1.0,(16|36)
0.0003578262,1.0,(21|24)
0.0003554772,1.0,(12|43)
0.0003546539,1.0,(9|27)
0.0003519636,1.0,(48|33)
0.0003513918,1.0,(8|27)
0.0003511260,1.0,(14|43)
0.0003504331,1.0,(34|10)
0.0003489187,1.0,(49|39)
0.0003483842,1.0,(41|11)
0.0003459034,1.0,(5|44)
0.0003446570,1.0,(40|32)
0.0003400220,1.0,(20|14)
0.0003341735,1.0,(23|28)
0.0003319584,1.0,(11|43)
0.0003310929,1.0,(40|35)
0.0003296419,1.0,(13|30)
0.0003291299,1.0,(28|28)
0.0003264483,1.0,(3|41)
0.0003257988,1.0,(17|44)
0.0003245611,1.0,(19|21)
0.0003228323,1.0,(7|15)
0.0003210409,1.0,(10|39)
0.0003178279,1.0,(29|13)
0.0003168623,1.0,(6|24)
0.0003167333,1.0,(7|47)
0.0003134998,1.0,(37|33)
0.0003125037,1.0,(29|38)
0.0003113246,1.0,(13|33)
0.0003098291,1.0,(29|12)
0.0003083812,1.0,(23|12)
0.0003072544,1.0,(25|22)
0.0003042242,1.0,(19|15)
0.0003031617,1.0,(25|44)
0.0002994831,1.0,(38|25)
0.0002992967,1.0,(27|21)
0.0002946332,1.0,(2|33)
0.0002932794,1.0,(18|22)
0.0002917899,1.0,(7|1)
0.0002904983,1.0,(20|38)
0.0002877056,1.0,(28|27)
0.0002825900,1.0,(34|16)
0.0002812848,1.0,(10|26)
0.0002805322,1.0,(33|26)
0.0002797372,1.0,(27|14)
0.0002760075,1.0,(30|23)
0.0002754928,1.0,(32|10)
0.0002739494,1.0,(14|29)
0.0002736548,1.0,(6|38)
0.0002736544,1.0,(13|13)
0.0002736129,1.0,(21|1)
0.0002725312,1.0,(35|24)
0.0002718558,1.0,(11|23)
0.0002715417,1.0,(9|48)
0.0002709631,1.0,(10|33)
0.0002684721,1.0,(48|36)
0.0002675199,1.0,(28|23)
0.0002643897,1.0,(6|14)
0.0002641337,1.0,(35|28)
0.0002616703,1.0,(24|39)
0.0002613287,1.0,(35|27)
0.0002611206,1.0,(36|15)
0.0002564824,1.0,(9|47)
0.0002542131,1.0,(31|31)
0.0002534569,1.0,(0|41)
0.0002522952,1.0,(35|29)
0.0002501619,1.0,(35|11)
0.0002493608,1.0,(15|28)
0.0002488741,1.0,(17|20)
0.0002484002,1.0,(10|46)
0.0002477094,1.0,(22|2)
0.0002471058,1.0,(16|34)
0.0002468225,1.0,(8|14)
0.0002415266,1.0,(20|0)
0.0002395703,1.0,(10|41)
0.0002393741,1.0,(12|46)
0.0002370178,1.0,(19|20)
0.0002346144,1.0,(24|18)
0.0002315689,1.0,(5|41)
0.0002306095,1.0,(16|32)
0.0002301914,1.0,(34|11)
0.0002291756,1.0,(15|33)
0.0002285034,1.0,(24|27)
0.0002271592,1.0,(18|31)
0.0002265882,1.0,(5|24)
0.0002263075,1.0,(33|11)
0.0002248535,1.0,(8|46)
0.0002248227,1.0,(18|19)
0.0002223801,1.0,(8|38)
0.0002219896,1.0,(22|3)
0.0002215223,1.0,(12|22)
0.0002202062,1.0,(46|36)
0.0002192618,1.0,(7|28)
0.0002168045,1.0,(26|17)
0.0002164152,1.0,(14|30)
0.0002143690,1.0,(27|39)
0.0002130654,1.0,(13|32)
0.0002111655,1.0,(1|30)
0.0002059687,1.0,(6|7)
0.0002051412,1.0,(28|16)
0.0002011059,1.0,(28|14)
0.0001996826,1.0,(17|35)
0.0001923983,1.0,(36|29)
0.0001922551,1.0,(27|22)
0.0001899035,1.0,(5|32)
0.0001874362,1.0,(29|27)
0.0001871105,1.0,(17|30)
0.0001850408,1.0,(12|31)
0.0001803455,1.0,(5|4)
0.0001780944,1.0,(29|36)
0.0001778233,1.0,(8|40)
0.0001753929,1.0,(34|28)
0.0001752662,1.0,(31|11)
0.0001748312,1.0,(12|23)
0.0001743458,1.0,(9|32)
0.0001741730,1.0,(6|13)
0.0001711548,1.0,(33|10)
0.0001669753,1.0,(33|24)
0.0001669718,1.0,(37|14)
0.0001640428,1.0,(23|2)
0.0001625055,1.0,(36|14)
0.0001613916,1.0,(34|17)
0.0001612234,1.0,(30|12)
0.0001568522,1.0,(30|15)
0.0001548691,1.0,(46|33)
0.0001543402,1.0,(45|33)
0.0001530422,1.0,(29|22)
0.0001478244,1.0,(41|34)
0.0001438323,1.0,(22|22)
0.0001428364,1.0,(21|13)
0.0001428120,1.0,(5|0)
0.0001416968,1.0,(14|41)
0.0001404339,1.0,(18|18)
0.0001402876,1.0,(27|17)
0.0001376137,1.0,(10|32)
0.0001365491,1.0,(46|34)
0.0001354672,1.0,(33|9)
0.0001337536,1.0,(36|30)
0.0001285140,1.0,(23|24)
0.0001268739,1.0,(37|32)
0.0001253068,1.0,(34|21)
0.0001251797,1.0,(39|15)
0.0001248119,1.0,(27|45)
0.0001213029,1.0,(30|14)
0.0001207562,1.0,(13|29)
0.0001206631,1.0,(48|42)
0.0001186750,1.0,(28|33)
0.0001181605,1.0,(29|8)
0.0001165033,1.0,(6|44)
0.0001139252,1.0,(17|40)
0.0001130399,1.0,(19|23)
0.0001113857,1.0,(35|21)
0.0001111234,1.0,(40|27)
0.0001075259,1.0,(29|7)
0.0001071626,1.0,(12|30)
0.0001070485,1.0,(39|34)
0.0001067887,1.0,(17|37)
0.0001060427,1.0,(5|38)
0.0001035991,1.0,(11|12)
0.0001021402,1.0,(28|32)
0.0001007291,1.0,(8|29)
9.656929e-05,1.0,(20|49)
9.368735e-05,1.0,(20|17)
9.292096e-05,1.0,(16|24)
9.284905e-05,1.0,(24|22)
9.259742e-05,1.0,(21|16)
9.227897e-05,1.0,(41|26)
9.218359e-05,1.0,(34|22)
9.190061e-05,1.0,(22|25)
8.979593e-05,1.0,(17|34)
8.860536e-05,1.0,(30|31)
8.819058e-05,1.0,(6|32)
8.737057e-05,1.0,(19|18)
8.616745e-05,1.0,(8|47)
8.589165e-05,1.0,(9|45)
8.231529e-05,1.0,(20|39)
8.213882e-05,1.0,(39|13)
7.820538e-05,1.0,(39|27)
7.647466e-05,1.0,(33|23)
7.517279e-05,1.0,(21|3)
7.496375e-05,1.0,(10|38)
7.479778e-05,1.0,(32|25)
7.181026e-05,1.0,(20|15)
7.094700e-05,1.0,(5|39)
6.809507e-05,1.0,(5|27)
6.625104e-05,1.0,(30|43)
6.604705e-05,1.0,(10|45)
6.591288e-05,1.0,(33|28)
6.514800e-05,1.0,(15|31)
5.857238e-05,1.0,(5|5)
5.675340e-05,1.0,(27|19)
5.211179e-05,1.0,(29|34)
5.023446e-05,1.0,(8|48)
5.000579e-05,1.0,(40|14)
4.979483e-05,1.0,(21|14)
4.835941e-05,1.0,(8|39)
4.669090e-05,1.0,(25|23)
4.638637e-05,1.0,(19|19)
4.580667e-05,1.0,(30|19)
4.523645e-05,1.0,(25|18)
4.407804e-05,1.0,(11|44)
4.403061e-05,1.0,(18|20)
4.322352e-05,1.0,(22|15)
4.157843e-05,1.0,(26|18)
4.076839e-05,1.0,(14|33)
4.033122e-05,1.0,(14|32)
4.002283e-05,1.0,(29|25)
3.772641e-05,1.0,(26|25)
3.465845e-05,1.0,(29|31)
3.397757e-05,1.0,(40|25)
3.369320e-05,1.0,(18|16)
3.000519e-05,1.0,(0|42)
2.969817e-05,1.0,(36|32)
2.895665e-05,1.0,(32|26)
2.863446e-05,1.0,(33|27)
2.827120e-05,1.0,(19|17)
2.767095e-05,1.0,(29|23)
2.756583e-05,1.0,(39|26)
2.542004e-05,1.0,(9|37)
2.330262e-05,1.0,(7|27)
1.884040e-05,1.0,(6|0)
1.624407e-05,1.0,(8|13)
